m 220.98703,55.676717 3.30231,4.901158 3.20929,3.090741 1.77523,0.682805 1.50335,0.303637 1.14593,-0.214207 0.94188,-0.60386 0.34174,-0.481183
m 228.16353,60.36787 3.70397,1.994117 1.33926,0.993821 0.73619,0.171145 0.50411,-0.08229 1.66614,-1.264921 0.12859,-0.799983 -0.18675,-1.022957 -2.03096,-4.381094
m 236.19695,61.048574 0.76941,0.253524 0.80461,-0.193659 1.65727,-1.076293 0.33197,-0.750946 0.0286,-3.518881 -0.42521,-3.378761
m 239.81345,58.563422 0.64853,0.503222 0.69744,0.07056 1.01773,-0.587312 0.8104,-0.847498 1.21034,-3.069179 0.45703,-3.3838 0.12308,-4.020322 -0.59916,-1.734989 -1.15482,-1.451201 -2.1968,-0.618463 -12.2414,-0.496891 -3.9162,0.404889 -2.77202,0.758325 -1.88652,1.779443 -3.4221,4.944161 -0.83171,3.538269 0.67015,3.101872 2.36369,3.591516 2.88496,2.806573 2.30276,0.577356 1.59721,-0.301799 1.24799,-1.00911
m 244.65442,51.863079 2.8724,0.914858 1.91441,1.145839 1.65579,1.513395 2.55678,0.818425
m 244.2385,45.764987 1.92131,1.623515 1.91723,2.357479 1.09892,0.9847 1.31447,0.822402 0.13111,0.611557 -0.90412,0.903807 -0.99803,0.397996
m 211.38905,58.778073 0.0514,1.165609 0.47649,0.34904 0.13067,1.147541 5.29986,5.836616 7.65285,0.443749 3.26347,-3.654872
m 210.51132,57.918889 0.0433,2.034236
m 208.8126,59.7575 -0.0615,1.876406 0.92551,0.980269 0.0205,0.942253 4.90713,4.35419
m 215.95219,68.709804 1.72893,0.502605 1.40728,1.925283
m 208.76034,61.648815 0.0728,2.804131 1.55539,1.555393 0.13788,0.910094 3.17606,2.925754 2.7302,0.321102 2.18329,2.485899 -5.74288,-0.497419 1.79984,2.86683 2.01669,0.806878 -2.60177,1.746491 -4.02436,0.417436 1.636,1.859158 1.64042,0.01405
m 206.88451,74.732228 0.97011,0.872202
m 213.4215,79.918202 -1.04038,1.466508 -2.82298,1.431887 2.6963,0.856297 -0.0446,1.433865 -2.26444,1.694515 -3.65353,0.294318 -0.68245,-0.477576
m 206.78095,78.598947 0.87408,0.642136
m 203.73508,90.68646 4.07675,0.468617 3.62369,-2.173662 0.20927,-1.356486 -5.28709,-0.50047
m 202.00836,96.42446 3.93592,0.648605 1.87795,-0.647726 2.97186,-0.112864 5.72867,-4.737151 1.08654,-3.393954 0.23188,-2.116682 2.05295,-3.099084 3.10712,-2.853974
m 225.76424,66.970309 -1.0046,3.364404 -0.67053,7.201245
m 230.59452,64.716397 -3.46028,4.766715 -1.36923,5.808979 -2.76216,3.562371 0.0389,1.333793 -1.66515,3.433599 -0.90369,6.06112 0.1639,5.16829 1.1225,3.677604 2.76202,6.782962 3.7261,7.72973 2.34799,5.54612
m 228.19308,120.44623 2.43757,-1.80464 0.96123,-0.11263 0.86625,0.70764
m 202.62175,96.571585 3.54912,-1.062226 2.96881,-0.155537 2.23512,-2.080576 0.38755,-2.187938 -4.00674,0.02735
m 207.87652,96.514956 0.64021,1.024207 -2.5015,2.390071 2.84519,-0.858586 1.03472,0.698597 3.25511,-0.09593 -0.81044,1.443605 3.02711,0.75316 2.21212,2.60478 -0.40554,1.33978 2.74087,2.045 0.27183,-2.48448 1.32986,5.93586
m 221.18032,106.14557 1.47199,1.45353 0.53001,3.41123 2.45595,1.85489 1.32604,3.56714 1.55444,0.78187
m 227.68689,111.98132 0.79616,4.39136
m 213.59545,53.697364 2.12467,-4.58656 1.03778,-0.620012 1.48304,-0.04354
m 214.66274,51.426514 -1.80415,-0.267382 -2.23544,0.680426 -1.51413,1.778176 -3.2796,6.149199 -7.84308,6.329938 -5.33274,3.605876 -2.73686,3.211429 -2.14827,4.529406 -0.88466,5.369343 -0.38974,6.272109 1.36383,3.661895 3.63263,2.862257 4.28532,2.875456 2.81164,1.720628 0.64544,2.06602 0.69843,0.40726 1.21712,0.0773 2.37275,0.65226 2.97603,-0.33669 1.5211,-0.65027
m 201.54945,102.90489 0.43772,1.27807 0.63943,0.42244 1.51683,-0.089 0.93864,0.90952 1.53643,0.78931 1.85706,-0.48512 1.43825,-1.4447
m 208.34012,105.82694 0.84389,0.60973 1.94067,0.27778 0.66942,0.90856 1.15895,0.95 1.15526,-0.14714 -0.15747,1.43997 0.96307,0.70942
m 186.54948,87.265406 1.93495,5.566433 2.40409,0.921231 3.41531,2.162433 5.22795,4.528847 2.76591,0.78712 4.04995,0.72865 3.37341,-0.78434
m 207.28011,103.30667 0.94236,0.60368 1.3509,0.0739
m 210.26223,104.79967 1.58237,0.0556 1.79939,-0.65541 2.26728,3.7414 1.76912,4.64675 0.77252,5.17546 -0.48168,4.84477
m 243.66291,55.96977 1.9802,-0.292616 3.31997,0.901342 1.93025,1.171153 3.94874,1.342316 3.85706,2.157437 5.79354,4.289674 3.02543,3.826877 3.52871,5.686799 3.74295,6.360682 1.31658,1.871427 2.14119,2.28323 2.16518,3.930458 1.75077,3.976292 0.79251,5.227677 0.27937,3.853562 -0.49005,4.13552 -0.8329,2.68815 -1.71283,1.72306 -5.3457,2.11522
m 242.51706,79.850474 -0.42365,0.396356 -0.0345,0.604491 0.34516,0.375313 0.49634,0.05971 0.52729,-0.340197 0.0871,-0.612458 -0.40807,-0.443973 z
m 242.13825,80.233448 -0.4499,-0.363257 -0.76988,-0.143191 -1.14492,0.401407 -0.62526,1.04527 0.0425,1.053495 0.57387,0.752143 0.88978,0.348466 1.07999,-0.01762 0.77439,-0.567713 0.21522,-0.705419 -0.0288,-0.722396
m 239.17625,81.940256 1.29376,1.293765
m 239.18068,81.278705 2.05963,2.059628
m 239.38518,80.890585 2.36224,2.362237
m 239.57742,80.37437 2.59043,2.590427
m 240.03758,80.108953 2.52333,2.523331
m 240.51455,79.951275 2.13117,2.131166
m 241.16931,79.820441 0.84331,0.843301
m 231.98679,78.272396 0.64107,0.987832 0.83722,0.622866 0.40351,1.246604
m 232.37622,78.848375 0.93123,0.31142 1.15923,-0.347298 1.22382,-0.890626 1.528,-0.661179 1.70154,-0.371281 1.56382,0.03762 1.54353,0.329992 1.4142,0.733693 1.05055,1.105837 0.70714,1.19955 0.44663,1.288153
m 233.88368,81.177507 0.42164,-1.194493 0.87911,-0.86605 1.4492,-0.962203 1.42161,-0.523383 1.6153,-0.187939 1.28084,0.08666 1.50127,0.461939 1.17737,0.76394 1.46604,1.449864
m 233.21025,79.159274 0.83254,1.441997
m 233.66825,79.113593 0.54604,0.94578
m 234.02691,78.980508 0.42745,0.740357
m 234.39506,78.840588 0.36353,0.629658
m 234.72233,78.690831 0.30747,0.532549
m 235.02824,78.441152 0.33731,0.584224
m 235.4011,78.204421 0.32387,0.560954
m 235.79012,77.948847 0.28963,0.501653
m 236.11594,77.729524 0.31252,0.541295
m 236.49907,77.613234 0.26806,0.464293
m 236.93259,77.417683 0.28807,0.498967
m 237.42948,77.28496 0.24789,0.429358
m 237.91277,77.148424 0.26453,0.458171
m 238.41229,77.071002 0.26979,0.467302
m 238.99435,76.949508 0.27209,0.47126
m 239.55192,76.942507 0.25543,0.442421
m 240.16823,76.968722 0.29374,0.508765
m 240.80265,77.028637 0.29602,0.512725
m 241.43583,77.164384 0.32061,0.555316
m 242.06257,77.325222 0.35258,0.61069
m 242.71617,77.62977 0.43258,0.749253
m 243.41182,78.035022 0.56093,0.971558
m 239.74344,77.443485 -1.87134,0.859827 -0.99449,0.976368 -0.62962,1.607008 0.0181,1.50452 0.37189,1.316619 0.76555,1.048572 1.0197,0.72425 1.24115,0.394852 1.10848,0.04573 1.25488,-0.286153 1.03546,-0.725781 0.8022,-0.756086 0.51676,-1.122535 0.16615,-1.325606 -0.15956,-1.214937 -0.35559,-1.022231 -0.49378,-0.752329
m 241.99243,87.203547 -0.48129,0.198261 -1.19346,0.369483 -1.18273,0.113503 -1.31532,-0.225774 -1.19392,-0.562878 -1.00534,-0.912557 -0.79184,-1.097687 -0.40183,-1.147212 0.18271,-0.200975 0.30901,0.474408 0.45694,1.018233 0.63933,0.951408 1.04456,0.851497 1.28865,0.660706
m 245.10922,78.102824 0.53764,0.71011 0.11851,0.604597
m 233.29754,72.861889 2.72296,-0.807053 2.18567,-0.125746 2.71768,0.691788 3.26224,1.182888 2.66882,0.631632 1.45173,-0.148114 0.20072,-0.550568 -1.88758,-0.305928 -4.61221,-1.391946 -3.41838,-0.580027 -2.66422,0.120552 z
m 235.38242,71.889153 0.21841,0.218409
m 235.82613,71.691523 0.34368,0.343686
m 236.30498,71.595691 0.38799,0.387993
m 236.91581,71.542478 0.42043,0.420433
m 237.56755,71.515408 0.3664,0.366409
m 238.26122,71.520853 0.45338,0.453377
m 238.92198,71.532384 0.64806,0.64806
m 239.69295,71.674399 0.79413,0.794123
m 240.4645,71.802386 0.96089,0.960887
m 241.37263,71.964105 1.23169,1.231693
m 242.20809,72.132903 1.52838,1.528385
m 243.16373,72.426017 1.46913,1.469123
m 244.19774,72.707735 1.427,1.426995
m 245.43353,73.08071 1.35009,1.350081
m 246.60689,73.451447 0.88026,0.880258
m 247.55543,73.59185 0.61349,0.61349
m 266.50727,92.413832 c 0.017,-0.0011 0.034,-0.0021 0.051,-0.0031 l 0.29033,0.28825 -0.021,0.57054 -0.33507,0.342138 -0.48532,5.59e-4 -0.32732,-0.378106 4.8e-4,-0.498574 0.33828,-0.316921 z
m 263.64449,91.497853 -1.11744,0.222001 -0.85543,0.823272 -0.29331,0.887989 0.0691,1.060429 0.64421,0.80209 1.0478,0.314507 1.28231,-0.09234 0.92807,-0.616461 0.40407,-0.969049 -0.0124,-0.61722 -0.30917,-0.861621 -0.78891,-0.635482 z
m 259.63568,88.396536 2.13509,0.144775 1.97325,0.681535 1.99051,1.602827 1.43021,1.857444 0.80782,1.871083 0.21273,1.890287 -0.1488,1.216506 0.18565,0.355772 0.81479,0.327605 1.0859,0.0286 0.17508,-0.147711 -0.81598,-0.22497 -0.52006,-0.380566 -0.10854,-2.189655 -0.39258,-1.959166 -1.1211,-1.978588 -1.24661,-1.367975 -1.37909,-1.174901 -1.68326,-0.665051 -1.58565,-0.14255 z
m 263.76667,89.313191 -1.74149,0.167462 -1.4348,0.58188 -1.22732,1.035291 -0.65107,1.385506 -0.13481,1.574983 0.31016,1.435994 0.78744,1.212011 1.14491,0.991217 1.4642,0.414972 1.64486,-0.09985 1.60332,-0.672208 1.10398,-1.081048 0.62291,-1.619755 0.0567,-1.525641
m 257.39106,94.324809 0.41879,2.318271 0.97239,1.73373 1.39595,1.263931 1.59338,0.698919 1.92844,0.16102 0.58507,0.23257 0.27723,0.31729 0.062,-0.65672 0.48376,-0.24786 0.468,0.41004 -0.33602,-0.967589 -1.42022,0.456429 -1.35422,0.0166 -1.56014,-0.487519 -1.17569,-0.79371 -0.82432,-0.874379 -0.87834,-1.248167 z
m 260.23266,87.271629 1.09284,-0.6467 1.07802,-0.168452
m 261.44592,93.45361 1.15474,2.000062
m 261.58716,92.847902 1.5803,2.737168
m 261.80359,92.415536 1.80188,3.120962
m 262.13631,92.102407 1.98586,3.439615
m 262.49473,91.745291 2.09088,3.621498
m 262.93973,91.654994 2.015,3.49009
m 263.3958,91.575865 1.91537,3.317505
m 263.9068,91.609676 1.62284,2.810836
m 264.58619,91.825076 1.15533,2.001083
m 261.67025,88.154845 0.26539,0.459682
m 262.19385,88.197953 0.36197,0.626941
m 262.73785,88.255566 0.45849,0.794129
m 263.4604,88.446119 0.5195,0.89979
m 264.16622,88.725212 0.88995,1.541426
m 265.0472,89.248868 1.3436,2.327201
m 266.0978,90.153261 2.63269,4.559946
m 267.8589,94.289167 0.97179,1.683158
m 268.1257,95.716729 0.70583,1.222523
m 268.19471,96.754716 0.95665,1.656956
m 268.1057,97.493229 0.33819,0.585793
m 264.78349,99.766272 0.35578,0.355778
m 264.30463,99.921072 0.41475,0.414748
m 263.82821,100.07437 0.6821,0.6821
m 263.15071,100.09927 0.36466,0.36466
m 262.42659,100.0757 0.31662,0.31662
m 261.24228,99.740449 0.58985,0.589851
m 259.50562,98.666008 1.14413,1.144135
m 261.04046,80.720286 -0.31468,0.265332 0.061,0.958181 1.44493,1.185622 1.57064,0.680632 2.57982,1.809205 2.93656,2.548295 2.52288,2.716363 1.11794,1.667926 0.63074,0.830302 0.0543,-0.151781 -1.04638,-2.37163 -2.23231,-3.245379 -1.91818,-2.002369 -2.38622,-1.783914 -2.6267,-1.563097 -1.4435,-0.590593 z
m 260.78252,81.111467 0.98931,1.713537
m 261.13391,80.868413 1.41711,2.454508
m 262.21535,81.829671 1.0213,1.768948
m 263.00632,82.148121 1.06496,1.844569
m 263.77653,82.524837 1.24297,2.152875
m 264.58521,82.999328 1.25198,2.168509
m 265.46283,83.503404 1.45174,2.514475
m 266.36136,84.135782 1.63586,2.83338
m 267.1963,84.763217 1.72945,2.99551
m 268.0907,85.418762 2.05174,3.553722
m 269.36557,86.604998 2.53333,4.387866
m 271.4725,89.317678 2.02028,3.499252
m 240.96533,104.32747 1.51093,1.24268
m 244.50864,95.892407 0.31088,0.378479
m 246.4696,97.386395 0.43287,0.218853
m 274.36513,94.201796 -0.51956,-0.0039 -0.48561,0.536948 -0.004,0.512209 1.64484,3.589703 1.30318,4.380754 0.54901,3.22219 0.0222,2.56344 0.58211,-0.92043 0.21968,-1.34296 -0.27103,-2.76291 -0.60132,-3.20286 -1.00502,-2.838115 -1.12731,-3.191076 z
m 276.36832,103.92297 -1.25508,0.56568 -3.29649,1.21575 -3.04094,0.67553 -0.4291,-0.10016 -0.19558,-0.57929 0.25344,-0.54402 0.56468,-0.23388 2.65758,-0.4609 2.36712,-0.71057 2.23997,-0.76752
m 277.34805,103.54489 1.57223,-0.53091 0.86426,-0.0161 0.6726,-0.10158 0.48771,-0.42794 0.19214,-0.28827 -0.19736,-0.29783 -1.07383,0.0124 -1.42426,0.2702 -1.26828,0.52418
m 277.66822,106.4848 0.94377,-1.47786 1.05696,-1.42955 0.66905,-0.60735
m 281.08275,102.19326 0.95559,-0.88705 1.0164,-1.477202
m 276.84656,108.77501 -1.64521,3.61064 -1.96427,4.11403 -2.52923,5.04249 -4.67119,6.60636 -3.41328,5.57112 -1.70682,4.64655 -0.56879,3.80306 0.30168,-6.73222 1.33274,-5.25765 1.91858,-4.73438 1.21308,-4.05207 0.85323,-6.5443 0.6724,-4.0019 1.82702,-4.49577
m 269.29283,104.86227 2.61279,-4.68755 1.71876,-4.353216
m 274.2702,94.157931 0.77396,-1.822524 0.17172,-1.841349
m 276.31686,89.861225 -4.51353,2.664814 2.28076,-3.25516 1.00389,-2.043555 1.09093,-2.509723
m 275.71888,85.900187 -1.08638,1.427192 -1.11332,1.330267 -1.53696,2.298882 0.37073,-1.361431 -0.42507,-2.295306 -0.74203,-1.845131 -1.38262,-1.391961 -1.79977,0.506007 1.92326,-2.314686 1.45971,-2.129049 1.14007,-2.336339
m 272.00434,76.909569 -2.02626,3.886504 -2.15122,2.93665 -1.12266,1.467697 1.56242,-2.807488 1.2631,-3.045852 0.7422,-3.006254 0.23067,-2.165411
m 270.03986,73.611863 -1.14305,2.578915 -1.1964,2.187522 -1.37477,1.722922 -0.67837,1.048856 -0.63434,1.587262 -2.22135,-2.250805 -1.17362,-0.424765 -1.38156,-0.260681 -1.207,-0.502928 -1.24668,0.329579 1.03059,-1.535785 -1.69075,1.547662 -1.57067,0.814771 2.14797,-2.089605 1.30247,-1.840167 1.18233,-2.503799 0.87091,-2.681888 0.30344,-2.918037 -1.46314,2.609104 -1.59751,2.375064 -1.93731,2.005539 -1.60367,1.415288 -1.47082,1.107474 -0.32555,0.417047 -0.50691,1.351497 0.64324,-2.276105 1.6182,-2.667494 1.89947,-2.805113 1.49892,-2.717903 0.49173,-2.043835 0.17115,-1.145069 -1.58213,0.523351 0.30664,-0.452358 -1.45467,0.619956 -0.0894,-0.445889 -2.1804,0.657545 -0.23922,-1.091364 -0.14909,-1.747906 -0.37388,0.490675 -0.52242,-1.645846 -1.13223,0.431993 -2.02462,2.809933 -2.07623,2.472084 -1.29122,2.391477 -1.03774,2.227439 -0.7223,3.3937 -0.0283,-3.884179 0.53182,-2.494015 1.13165,-2.984119 1.58701,-2.693808 1.35491,-2.255562 -1.99262,1.634008 -1.92081,2.468774 -1.59662,2.696705 -0.65493,2.332982 -0.42214,2.935005 -1.28301,-1.281415 -1.33986,-1.353224 -1.98575,-0.538941 -0.95471,0.08998 -1.45962,1.166723 -0.44959,1.947709 0.024,-2.921693 0.62355,-2.151851 1.07157,-2.642696 0.99114,-2.60659 1.27903,-2.648802 1.73059,-2.443893
m 225.86306,75.321572 0.56798,-0.100494 1.72602,-1.287039 1.85139,-0.889342 0.8446,-0.09676 0.6011,-0.626978 1.28171,-0.54918 1.13353,-3.421713 1.70778,-3.576778 1.37871,-1.702514 1.3451,-0.890897
m 230.75199,73.020924 -0.87246,4.62779 -1.10679,4.394997 -1.46876,4.094678 -1.05832,2.903009 -0.50072,2.811092 0.0528,2.989077 1.01,3.905348 2.58866,4.895825 2.82187,4.45568 2.73132,3.582 1.64102,1.71679 1.77066,0.48141 7.48109,1.03774 6.0025,0.62326 3.75719,-0.13403 2.9182,-0.47569 3.98217,-1.50493 3.26069,-2.0276 1.38155,-1.71681
m 226.64247,75.046381 -0.68515,3.409418 -0.0554,2.284754 0.42286,1.866564 0.70128,1.123789 0.78669,0.877437
m 232.00058,118.91096 2.12723,-0.28101 3.18582,-0.0418 3.65232,-0.15951 4.31838,-1.01087 4.54152,-0.81017 2.12048,0.0302 2.47141,-1.07836
m 238.99341,116.63006 1.52773,1.23926 1.25387,0.40347
m 233.40162,118.85446 -0.52412,-1.98962 -0.16279,-2.33128 0.70005,-2.81859 -0.27901,-2.40738
m 225.6695,75.471612 -1.49399,7.914322 -0.56291,3.316375 -1.42733,5.293878 0.0138,3.204419 2.45106,6.881084 3.18242,8.59674 0.77695,-1.45556 0.0217,3.39322 0.44166,-0.47024 0.22984,1.26513 1.71082,2.14197 0.46136,-0.48107 0.22476,0.28147 0.27825,1.1848 1.35851,2.25233
m 232.31414,118.99038 2.25408,0.36183 1.66416,0.3535 0.94873,0.24621 0.6156,-0.49318 2.01298,0.44824 3.58047,0.52324 3.08516,-0.4334 1.03504,0.57963 4.1937,0.39816 2.5494,-1.20036 2.65502,-0.0684 2.48646,-0.70239 5.90613,0.18988
m 275.30401,53.716898 -0.59045,0.02191 -0.73062,0.560318 -0.0185,1.780284 0.62775,2.206448 0.91554,1.311978 1.24428,0.871032 1.98298,0.370539 2.13288,-0.0032 1.01701,-0.225026 0.32268,-0.49276 -0.0351,-0.628255 -1.9269,-2.073609 -2.70468,-2.331156 z
m 274.40786,57.500749 1.31072,2.270221
m 274.01583,56.040533 2.43882,4.224165
m 273.99371,55.128231 3.14225,5.442529
m 274.05512,54.465992 3.55412,6.155901
m 274.29745,54.069977 3.83779,6.647238
m 274.64033,53.78529 4.08667,7.078337
m 275.11465,53.781936 4.07003,7.049492
m 275.7506,54.013557 3.89985,6.754728
m 276.54387,54.533209 3.64496,6.31325
m 277.25917,54.932209 3.40395,5.895798
m 278.3433,55.844008 2.82157,4.887113
m 279.28316,56.646619 2.31669,4.012615
m 280.33048,57.592854 1.62973,2.822789
m 248.19503,49.830973 2.3383,-0.991118 2.73301,-0.285128 2.44645,0.613021 2.09376,0.779311 2.85745,0.07421 4.34698,-0.234894 2.39413,0.568304 3.73669,0.403375 2.04425,0.443085 2.29743,0.912786 3.70107,2.631985 3.92057,3.270155 1.76366,1.675249 1.72294,1.552485 1.6438,3.322862 1.32186,5.531599 0.28826,4.034329 -0.16745,2.012342 -1.6959,5.623819 -1.89249,4.528703 -1.25756,5.382453 -1.35531,5.272564 -0.22124,5.61446
m 237.28684,121.62435 5.03359,1.09179 8.85267,-0.0658 7.74588,-0.47098 6.09586,-0.49849
m 271.09012,120.90215 1.86756,-0.24983 2.01401,-1.60524 4.5107,-0.49203 8.98689,-2.16414 2.10301,-1.41126 1.30974,-2.43747 0.74645,-2.17942 0.63232,-5.51098 0.93525,-2.2371 0.57256,-5.728945 1.67457,-3.500358 0.73446,-3.047103 2.00949,-6.531311 0.53268,-7.174521 -0.2259,-6.036897 -1.52387,-6.7603 -6.23342,-7.784013 -5.56588,-4.680677 -6.32265,-3.73716 -6.06253,-1.528588 -7.41293,-1.327521 -7.27134,-0.383473 -6.51486,0.07934 -10.90023,-0.777083
m 242.4642,43.705004 1.41613,-2.961613 2.64422,-3.240723 2.63588,-2.920238 2.64996,-1.447652 2.87862,0.257511 4.99159,1.912179 3.26149,2.98137 2.0497,3.870256 0.91805,2.635342
m 247.29892,44.139368 0.73655,-2.436138 1.87753,-2.364263 2.75472,-1.287849 3.05466,0.278119 2.78642,1.576091 2.18477,2.243543 1.34222,2.423824
m 266.31331,44.817432 -0.95356,0.389215 -0.42638,0.578324 0.0881,0.767622 0.6477,0.683278 1.23769,0.204465 0.9343,-0.257143 0.48291,-0.655743 -0.059,-0.943819 -0.42167,-0.536269
m 265.1143,45.606768 0.41452,1.547091
m 265.38584,45.172058 0.55885,2.085726
m 265.72276,45.110645 0.59084,2.20508
m 266.07193,44.945347 0.65119,2.43028
m 266.4705,44.844403 0.66788,2.492637
m 266.88039,44.915235 0.63778,2.311773
m 267.28986,44.983 0.5887,2.072068
m 267.74555,45.084124 0.44241,1.546095
m 294.98258,68.654781 -0.76642,-0.172717 -0.97756,0.629838 -0.38015,1.357254 0.27398,1.406829 0.77488,0.818121 1.00394,0.434578 0.69784,-0.07448 0.73064,-0.823883 0.0553,-1.07088 -0.24903,-1.161574 z
m 293.03334,69.87192 0.7153,2.669593
m 293.22665,69.30105 0.93456,3.487848
m 293.52502,68.949469 1.10413,4.120679
m 293.92255,68.690412 1.18581,4.425471
m 294.26839,68.500505 1.20036,4.479888
m 294.77607,68.622867 1.08154,4.036369
m 295.37609,69.141977 0.82709,3.086806
m 276.4042,109.77845 1.52929,-0.4476 1.94458,-1.93655 1.31831,-3.22522 1.99832,-2.42181
m 299.68917,73.074738 2.31966,0.327073 3.752,1.993183 2.79887,2.252218 1.79782,3.329926 0.51456,2.881593 -0.3954,3.810937 -1.48521,3.131431 -3.35613,3.149047 -3.68014,1.680033 -3.91417,1.470305 -3.23771,0.25186
m 299.68248,77.707087 1.866,0.146754 2.69819,1.841616 1.57327,2.701316 0.37748,2.418784 -0.87958,2.725373 -2.6987,2.2212 -2.71745,1.298602 -2.9722,0.767252
m 302.50889,89.921846 3.0689,-1.32388 1.40124,-1.691695 0.73167,-3.016864 -0.5181,-3.69329 -1.91672,-4.981611
m 273.30376,116.50986 7.98475,-3.41782 2.5481,-1.7891 1.52207,-2.3822 -0.0175,-4.41614 0.58443,-4.25271 1.60785,-4.27575 2.41109,-2.919177 2.81202,-2.401737 0.51602,-4.201991 1.82147,-2.413481 1.11879,-1.65367 0.23051,-3.132796 0.62952,-3.018509 0.47596,-3.066331 0.0625,-4.401772 -0.7093,-4.093787 -2.50364,-5.202737
m 231.03032,120.55511 -0.7455,0.67744 -0.12545,1.25083 0.67866,0.83427 1.06593,0.23671 1.06543,-0.37063 0.46778,-0.81867 0.0121,-1.07877 -0.60356,-0.77666 -1.08431,-0.186 z
m 227.92164,121.16872 -1.335,2.4303 0.0962,6.83522 -0.64706,3.07338 -0.0574,1.92933 -0.42294,0.7365 0.13988,1.5281 0.92525,0.70182 1.15081,0.2377 1.18602,-0.5117 0.47403,-1.3176 -0.57604,-1.51294 -1.03013,-0.50731 -1.31856,0.20326 -0.47697,0.52484
m 226.17347,138.08162 -0.57687,8.01947 0.0876,5.27571 0.5323,4.62211 1.03896,1.01477 4.0373,1.90135 4.56786,1.1333 2.96354,1.04534
m 226.64635,146.60054 -0.42462,0.24313 -0.0995,0.53961 0.33426,0.42438 0.49643,0.0328 0.30985,-0.37777 -0.067,-0.47627 z
m 258.90295,156.30431 -1.48043,-2.17591 -0.57476,-2.1052 0.52228,-2.46908 0.36883,-3.03947 0.37111,-1.11488 1.40677,-1.27583 8.97837,-0.65833 4.5785,-1.79489 0.45165,-1.20786 -0.39307,-0.99763 -2.75637,-0.0334 -2.6746,1.96563
m 258.23648,145.36177 0.87443,-2.04967 0.97371,-1.41501 4.22394,-2.76079 2.56492,-2.50724 4.11793,-1.18529 5.19332,-2.38418 2.71605,0.33631 2.78098,-0.40989 1.91609,1.71042
m 257.17265,153.38471 -0.56749,2.85979 -0.25082,2.89426 0.77975,2.1432 1.34834,0.59449 0.43697,1.0211 1.82799,0.91447 3.24295,-0.25224 2.66624,0.32044 1.34842,-0.49152 4.92369,-4.47593 0.60158,-2.82066 1.07471,-1.50748 1.01441,0.26263
m 273.21478,158.33155 2.41316,-2.29267 0.8374,-2.03894 1.31781,-1.43266 0.87607,-3.70667 3.38185,-3.79175 -0.0328,-3.73743 1.02404,-1.31676 0.63138,-5.17975 0.24482,-2.75437 -2.47007,-6.25829 -0.62728,-3.72187 4.85524,-2.53779 2.84255,-3.05923
m 258.62113,162.22349 -0.3615,2.36182 0.0101,0.53416 0.42399,0.3457 0.76874,-0.30541 1.10939,-1.42725
m 260.87205,163.87218 -0.0295,1.71235 -0.35907,1.02948 0.12774,0.58387 0.39586,0.21282 0.5063,-0.14881 0.88621,-1.6713 0.69771,-1.90958
m 261.84719,166.66015 0.33584,0.22277 0.29968,-0.1529 1.02608,-1.31277 0.90331,-1.74851
m 263.20881,165.94815 0.46852,-0.0839 0.642,-0.42356 0.78928,-1.68823
m 264.63334,164.99639 0.46109,-0.0467 0.61647,-0.31748 0.52724,-0.6926
m 214.8901,110.53446 -1.60363,6.26709 -0.2024,5.01657 2.15375,5.86106 3.1518,5.24168
m 221.16879,128.48692 5.12281,2.80325 5.35646,3.58341
m 233.75084,136.56576 3.34015,2.3743 11.31769,2.86305 5.28455,2.62136
m 235.56582,137.21426 3.2071,1.16008 -3.1404,-3.12122 6.55328,2.16263 8.2692,0.0764 10.1845,-2.07288
m 243.09074,122.77513 6.5914,1.27828 11.1564,-0.17801 -9.18143,2.22795 -2.81292,1.65814
m 255.02334,126.65975 6.60337,-0.98273 -5.41832,2.20189 -4.0421,2.79804
m 256.0263,129.14223 5.30265,-0.23579 0.14063,3.1379
m 235.62684,160.04253 2.23113,2.25426 2.95951,1.60852 3.53584,0.55487
m 241.6515,164.04604 0.50083,3.45783 1.25682,2.64756 1.28102,0.96099 1.28206,0.24239 1.60886,-0.66237 1.96529,-2.12546 1.05081,-2.05617 2.00197,-2.16528 2.42886,-1.60793 1.90474,-1.85583
m 213.82098,124.06706 -0.25604,3.59768 1.02544,2.91837 1.56091,1.82834
m 214.11593,129.36379 -0.0462,3.02676 -0.77355,1.72379 -0.37904,3.78677 1.30939,3.50671 3.63773,2.68513
m 215.40088,142.28531 1.85815,4.83718 2.02136,2.98663 1.12038,2.09374 2.62093,1.71978
m 220.9327,152.67708 -0.85756,2.35041 0.20849,2.04082 1.25123,0.86945 1.92375,-0.13459 1.76298,-1.16529 1.34479,-0.16211
m 228.81257,144.33234 5.11926,1.08205 6.45636,1.2723 6.25522,-0.12175 1.23024,-0.56785 -0.79323,-0.62559
m 248.55404,145.11191 3.36884,0.12264 1.6953,-0.46992
m 227.47374,151.33893 4.37659,3.11812 5.19848,1.01995 11.69862,-2.28449 -10.99253,0.11351 -5.82365,-0.26177 z
m 213.06217,137.0714 1.85312,2.47848 0.16166,-1.19643 2.44391,3.80771 -0.41803,-2.0332 5.27223,6.52991 2.04306,1.37664 1.14576,-0.78075
m 213.3252,134.33634 1.81642,2.8079 -0.30333,-1.9687 0.78852,-1.51789 0.70004,0.21161 0.93928,2.059 0.36979,-0.17298 -0.0977,-2.52312 0.95107,0.68798
m 217.16779,121.98096 -0.53399,-1.40096 -0.92708,-0.0398 -0.33122,1.36184 -0.88455,-3.4646 -0.36061,3.30738 2.60122,5.30916 1.47292,4.92682
m 203.9248,96.164732 0.37996,0.658114
m 204.61185,95.971099 0.53388,0.924725
m 205.32541,95.762404 0.69237,1.199227
m 206.13917,95.542009 0.69447,1.202854
m 206.84661,95.478363 0.61146,1.059077
m 207.84447,95.539363 2.41087,4.175755
m 208.15946,97.969331 0.64273,1.113255
m 207.48195,98.499381 0.47398,0.82097
m 206.93849,99.05748 0.2906,0.503333
m 208.59674,95.403621 2.50105,4.331941
m 209.34345,95.147549 2.63369,4.561695
m 209.91584,94.677284 3.90338,6.760856
m 212.56033,100.68156 0.30911,0.53541
m 210.47148,94.08257 4.39731,7.61636
m 211.14071,93.530744 6.0384,10.458816
m 211.50375,92.586769 8.41701,14.578691
m 217.50268,104.74715 1.37564,2.38269
m 211.70432,91.575301 8.3686,14.494839
m 211.42669,91.077763 -0.87966,-1.523629
m 210.62988,91.080261 -0.67222,-1.164302
m 209.80634,91.10307 -0.475,-0.822729
m 208.62592,90.648887 0.30208,0.523211
m 211.23878,89.139005 9.90477,17.155565
m 211.59101,88.273537 16.548,28.661973
m 222.89121,109.38888 1.44389,2.50089
m 211.30853,87.539805 -0.69046,-1.195906
m 210.48903,87.485941 -0.4287,-0.742532
M 211.23033,85.90332 228.27122,115.419
m 211.78409,85.481117 16.14012,27.955493
m 212.25587,84.89806 14.13484,24.48226
m 211.63988,83.462251 -0.72539,-1.256404
m 210.61126,83.177945 -0.39022,-0.675883
m 211.51084,81.834314 11.80714,20.450566
m 212.15503,81.539013 9.26273,16.043523
m 212.73041,80.96465 7.87545,13.640668
m 213.17114,80.308444 7.41116,12.836509
M 212.86024,79.822248 211.7348,77.872922
m 212.12131,79.863531 -1.13325,-1.962846
m 212.52805,77.768102 5.20887,9.022014
m 213.29256,77.662259 4.70119,8.1427
m 214.07118,77.575568 4.37809,7.583069
m 214.70215,77.175219 4.21279,7.296761
m 215.25674,76.818889 4.04037,6.998123
m 215.74684,76.488538 3.94443,6.831946
m 216.23283,76.116851 3.82249,6.620756
m 214.75759,72.352354 5.75281,9.96415
m 215.73169,75.404974 -1.7954,-3.109727
M 214.89574,75.105304 213.2341,72.227262
m 215.58913,72.397743 5.50214,9.529985
m 216.46729,72.465445 5.14207,8.906333
m 217.41327,72.571371 4.76939,8.260826
m 218.26388,72.64225 4.47325,7.747889
M 217.08164,69.094619 222.9917,79.33115
M 217.29855,71.088932 215.9647,68.778643
m 215.58816,70.053323 -1.21008,-2.09591
m 217.54383,68.072928 5.90911,10.234877
m 218.18724,67.704744 5.73723,9.937173
m 219.12216,67.474808 5.049,8.745127
m 220.02756,67.524735 4.2534,7.367106
m 221.01409,67.67365 3.37709,5.849295
m 221.91907,67.665692 2.56819,4.448236
m 222.83702,67.663575 1.77071,3.066963
m 223.68761,67.760981 1.15692,2.003838
m 224.58764,67.823047 0.52625,0.911493
m 217.76463,86.775567 2.75964,4.779835
m 218.01577,85.846022 2.43048,4.209722
m 218.41886,85.111078 2.18057,3.776853
m 218.92451,84.469284 1.8286,3.167226
m 219.27183,83.801132 1.58131,2.738908
m 219.71244,83.270811 1.33694,2.315652
m 220.10683,82.70936 1.044,1.808268
m 220.5468,82.355237 0.74972,1.298548
m 221.14103,81.913885 0.53865,0.932974
m 221.63601,81.368558 0.4098,0.709803
m 222.22073,80.847239 0.21988,0.380841
m 214.75817,69.976922 -2.16559,-3.750918
m 213.76884,69.851886 -3.08485,-5.343113
m 211.6908,68.000495 -2.90805,-5.036894
m 217.19281,65.935272 0.41571,0.720018
m 218.45704,66.298442 0.30346,0.525605
m 219.56214,66.596534 0.22135,0.383384
m 220.55893,66.774879 0.16319,0.282649
m 223.13244,66.889828 0.17571,0.304352
m 223.76638,66.358139 0.5567,0.913982
m 221.77304,63.95961 0.31381,0.543536
m 222.66233,64.095796 0.48749,0.775581
m 223.55814,64.355593 0.28281,0.489836
m 224.31043,65.612123 0.9721,1.683726
m 224.38154,64.408914 1.35122,2.417384
m 225.01998,64.29372 1.18066,2.044973
m 225.64267,64.084056 1.01604,1.759834
m 226.12118,63.675772 0.96479,1.671056
m 226.52549,63.351155 0.90379,1.565397
m 227.19735,63.429215 0.63637,1.102215
m 225.40207,74.893532 0.27089,0.469198
m 225.63812,73.642986 0.34244,0.593127
m 225.70082,72.248524 0.52987,0.91776
m 225.81095,70.916376 0.62133,1.076182
m 226.25091,70.090534 0.45154,0.782093
m 227.04901,68.741226 0.25529,0.442169
m 227.35342,67.978995 0.36515,0.632458
m 227.78385,67.288369 0.38899,0.673765
m 228.12137,66.485219 0.52075,0.901967
m 228.03624,64.937525 1.05433,1.826162
m 228.26888,64.171525 1.13047,1.958033
m 229.14268,64.420019 0.69003,1.195181
m 229.93541,64.539447 0.31645,0.548105
m 198.90162,97.360083 0.37918,0.656767
m 199.951,97.692352 0.87994,1.5241
m 201.11055,97.873123 0.56269,0.974608
m 202.02203,97.919658 0.26423,0.457655
m 202.79092,97.343112 0.2435,0.421743
m 204.4547,101.69681 2.55567,4.42656
m 205.49217,101.85991 2.32678,4.03011
m 206.47039,101.94819 2.54954,4.41593
m 208.5629,103.96138 1.51625,2.62621
m 209.46103,104.00827 1.54345,2.67335
m 203.09076,101.39191 2.52374,4.37124
m 201.90927,101.13953 1.94698,3.37227
m 200.73188,100.83152 2.15635,3.7349
m 199.8568,100.57546 1.24398,2.15463
m 198.21002,99.345431 1.91932,3.324359
m 194.32169,96.024371 1.4656,2.538502
m 196.23384,97.561497 1.15547,2.001329
m 192.84595,94.994393 1.50425,2.605444
m 191.62821,94.317218 1.39303,2.412791
m 190.4004,93.592747 1.2241,2.120204
m 189.2318,93.202904 0.72206,1.250657
m 214.41145,112.46547 3.85562,6.78445
m 210.96383,104.83794 2.1494,3.72288
m 214.67453,111.41444 3.68945,6.39031
m 211.9307,104.8466 6.18261,10.70858
m 212.75394,104.53562 5.01642,8.6887
m 213.63703,104.29856 2.39935,4.1558
m 214.12579,113.6927 3.99102,6.91266
m 213.82504,115.08678 4.09947,7.10049
m 213.403,116.48143 2.32939,4.03462
m 213.2624,118.30178 0.99346,1.72072
m 213.13261,119.81974 0.99026,1.71518
m 213.12934,121.42277 3.85079,6.66977
m 213.95867,124.51844 3.98665,6.90507
m 213.72425,125.88636 4.61127,7.98696
m 213.61668,127.5439 3.91797,6.78612
m 214.18018,130.51278 1.87692,3.25093
m 214.07163,131.92239 1.24692,2.15974
m 213.84438,133.08363 1.06608,1.84651
m 213.37373,133.85299 1.57643,2.73047
m 232.47214,145.1485 4.69718,8.13576
m 238.14528,155.3585 8.96603,15.52961
m 234.0172,145.43166 4.55737,7.89359 1.19272,-0.0544 -4.4081,-7.63506 1.69136,0.41041 4.18013,7.2402 1.28718,-0.0306 -4.02042,-6.96356 1.69972,0.35369 3.84955,6.66763 1.34765,-0.0865 -3.7898,-6.56412 1.48323,-0.0289 3.79758,6.57759 1.18761,-0.0123 -3.80377,-6.58833 1.61856,-0.0315 9.26092,16.04038 0.78239,-0.7623 -8.92574,-15.45985 0.86831,-0.40079 8.76123,15.17491 0.29787,-0.29023 -0.57841,-1.74301 0.0377,-0.43451 -7.87344,-13.6372 1.39364,0.0943 6.65458,11.52607 0.0384,-0.44293 0.18502,-0.93241 -5.83868,-10.1129 0.97137,0.0354 0.24765,-0.0686 4.93639,8.55007 0.0657,-0.33126 -0.32489,-1.36152 0.11854,-0.56035 -3.7956,-6.57418 0.44749,-0.12403 0.0751,-0.34017 3.48503,6.03626 0.20668,-0.77132 0.0659,-0.80145 -6.62317,-11.47166 1.41913,-0.28884 5.47947,9.49072 0.38368,-1.2184 0.1265,-0.038 -4.88401,-8.45935 1.29573,-0.26372 4.20358,7.2808 0.30599,0.53 0.35897,-0.32556 0.53996,-0.0396 -4.41545,-7.64777 1.22049,-0.24841 4.50347,7.80024 1.17118,-0.0859 -4.58226,-7.9367 1.31123,-0.26688 4.67683,8.1005 1.17806,-0.0864 -4.49294,-7.78201 0.30017,-1.59087 5.36194,9.28716 1.17059,-0.0858 -6.16026,-10.66989 0.3827,-1.50976 6.95573,12.04767 0.97938,-0.38394 -1.23087,-2.1319 0.92808,-0.68207 1.38067,2.3914 1.24585,-0.48839 -1.54879,-2.68259 1.39184,0.0169 1.28397,2.2239
m 249.48822,137.48322 4.20501,6.94125 -1.55534,-0.77151 -3.56699,-6.17822 -1.31566,-0.0121 3.04883,5.28072 -1.89539,-0.9402 -2.51326,-4.35309 -1.17426,-0.0108 2.31975,4.01792 -1.85797,-0.47001 -2.0569,-3.56265 -0.94024,-0.009 1.90196,3.29429 -1.44398,-0.36529 -1.9813,-3.43171 -1.44168,-0.47576 2.05639,3.56177 -1.51641,-0.38361 -2.13971,-3.70608 -0.93557,-0.30875
m 239.25032,155.04709 8.76298,15.17791 0.93948,-1.01605 -8.33098,-14.42968 1.50343,-0.29359 7.75391,13.43016 0.72937,-1.41728 -7.09245,-12.28448 1.344,-0.26245 6.66909,11.55119 0.91104,-0.98536 -6.25013,-10.82555 1.23298,-0.24078 5.9819,10.36096 0.84998,-0.5627 -5.77607,-10.00444
m 217.14948,140.35485 9.31454,16.13326 -0.74356,0.0896 -9.43199,-16.3367 -1.21706,-1.84666 -0.15612,1.1555 9.98744,17.29876 -0.71595,0.47322 -8.61445,-14.92066 0.55974,1.78757
m 220.66647,153.40675 2.54813,4.41349 -1.15682,0.0809 -1.85736,-3.21705 v 1.56968 l 0.72956,1.26364
m 215.41392,142.31926 -2.39785,-4.1532
m 220.13358,143.88169 5.85543,10.14191 -0.24479,-2.1256 -2.8065,-4.86101 1.4804,0.99752 1.24643,2.15888 v -1.80969 l -0.6759,-0.73797
m 237.04881,155.477 9.12026,15.79676 -1.4789,-0.16134 -2.69003,-4.65926
m 240.51535,163.7411 -4.93796,-8.5528 -1.69682,-0.33292 4.44213,7.69399 -0.46473,-0.25258 -2.40525,-2.34966 -0.38171,-0.0947 -3.10153,-5.37199 -1.65659,-1.11874 3.57844,6.19805 -1.57872,-0.39168 -4.29744,-7.44338 -0.35044,-0.24968
m 230.94522,144.78311 4.87037,8.43574 -1.29329,-0.0581 -5.01191,-8.68087 -1.41797,-0.31753 5.16234,8.94143 -1.46488,-0.11358 -5.90817,-10.23324
m 225.69437,144.74187 1.15572,2.00177
m 227.2305,147.50202 2.77429,4.80522
m 225.66455,148.53568 1.63887,2.83862
m 225.74267,151.88459 3.50221,6.066 -1.67542,-0.9673 -1.54847,-2.68204
m 225.66455,150.09746 4.89014,8.46998
m 262.02291,130.0789 1.37351,2.37899 0.85438,-1.3945 -1.54348,-2.67338 0.64422,-1.58971 1.70346,2.95048 0.94255,-1.53844 -1.92636,-3.33659 0.46078,-1.53917 2.20576,3.82046 0.98866,-1.39827 -2.59561,-4.49573 0.2559,-1.96277 3.10441,5.377 1.07966,-1.52694 -3.82278,-6.62123 0.34878,-2.45216 4.44537,7.69962 1.01063,-1.91886 -4.97846,-8.62295 0.57037,-1.55419 0.35745,-0.9565 5.15585,8.9302 1.03529,-2.10999 -5.26021,-9.11096 2.35059,-0.49941 4.10411,7.10856 0.94057,-2.03274 -3.22956,-5.59373 1.89902,-0.70036 2.34654,4.06431 0.0151,-1.60559
m 272.22251,104.28286 -1.32627,-2.29721 0.95723,-1.71739 0.25681,-0.611893 2.28475,3.957313 1.83089,-0.65859 -0.5234,-1.75942 -2.49428,-4.320211
m 274.47888,93.666494 4.81338,8.336976 0.40952,-0.0777 1.23785,-0.0435 0.26945,0.19372 0.17085,-0.15859 -6.22401,-10.780313 0.0522,-0.559321 -0.27993,0.10337 -0.83034,-1.438182 0.86744,-1.765766 7.56851,13.109032 0.52099,-0.757202 -0.19352,-1.751664 -10.96637,-18.994289
m 274.79715,87.111066 -3.74875,-6.493052 -1.10022,1.604711 3.65633,6.332958 -0.84918,1.244476 -0.5365,-0.929225
m 269.49296,84.149924 -0.46799,-0.810623
m 277.13315,84.379802 4.32126,7.484594
m 277.41642,103.5218 2.31825,4.01531
m 279.31155,103.00669 1.38173,2.39323 0.52319,-1.2552 0.61798,-0.74895 -0.69982,-1.21214
m 282.29419,100.93436 0.64683,1.12034
m 277.54199,107.56496 0.79025,1.36877
M 266.80259,79.4881 255.23052,59.309245
m 268.03601,77.764658 -9.62961,-16.678995 4.11381,2.992956 6.64427,11.508229 0.80952,-1.8264
m 265.64852,81.148128 -4.97828,-8.622638 -0.53541,1.600829 -0.64406,1.363925 2.77467,4.805865
m 259.71484,71.299133 -1.48051,-2.56431 -0.38955,0.988488 -0.99027,1.795608 1.22172,2.116088 -1.17954,1.221081 -1.03429,-1.791452 -1.09277,1.613781 0.81721,1.415444
m 256.9165,66.366614 -4.71905,-8.173648 -1.14708,-0.389933 -2.03385,-1.192112 4.3794,7.585342
m 251.0318,63.842047 -4.58859,-7.947673 -0.84977,-0.209883 -1.2116,0.179041 3.96409,6.866001 1.55138,2.687067 -1.25405,1.603972 -1.29898,-2.249886
m 246.82833,63.974008 -3.75156,-6.497883 -0.11213,0.250221 -0.75652,0.791155 -0.77447,0.461449 3.94786,6.837894
m 246.13696,66.820009 1.09565,1.897722
m 246.24243,70.551637 -0.98097,-1.699099
m 244.23253,67.551593 -4.40416,-7.628237 -1.08182,1.52771 -0.26057,0.518599 4.58205,7.936349 -0.44384,1.581039 -0.1644,0.688266 -4.84755,-8.396198 -0.8892,2.239759 3.27918,5.679694 -0.2007,-0.03405
m 235.92402,68.035021 1.90082,3.292306
m 235.20009,69.990546 0.9124,1.580335
m 238.50221,61.936058 -0.54694,-0.947314 -0.84759,0.279339 -0.89734,-0.06059 -0.0342,0.580369 0.75692,1.311026 -1.3292,1.641366 -0.8726,-1.511398
m 234.78805,66.426008 -1.68681,-2.921638 -0.22052,0.310512 -0.99923,0.633754 2.10766,3.650586 -0.65,1.851438 -2.89913,-5.021437 -1.05219,1.449443 3.16018,5.473597 -1.1346,0.511188 -0.4801,0.500766 -2.7703,-4.798295 -0.97418,1.341987 -0.18039,0.608891 2.01996,3.498673 -0.80637,0.38735 -0.58801,0.421227 -1.16515,-2.018098
m 256.3909,158.71714 1.73268,3.00109 0.31353,0.13824
m 256.57429,156.601 4.1593,7.20412 1.70344,-0.12452 -5.43831,-9.41944
m 256.94675,151.55525 6.93566,12.01292 1.03728,0.1033 0.35838,0.0431 -7.97976,-13.82133 0.22226,-1.57963 8.97633,15.54745 1.14824,-0.34116 -9.86213,-17.0817 0.518,-1.22767 10.22287,17.70651 0.87352,-0.7941 -10.21608,-17.69477 0.29375,-0.2664 0.72064,-0.0876 10.00097,17.32218 0.84285,-0.7662 -9.61084,-16.64646 1.04393,-0.0765 9.28047,16.07425 0.82031,-0.74571 -8.90074,-15.41653 h 1.49561 l 8.01772,13.88712 c 0,0 0,0.65336 0.0288,0.62522 0.0296,-0.0281 1.0618,-1.00879 1.0618,-1.00879 l -7.9103,-13.70106 1.02288,-0.075 7.57594,13.12191 0.63916,-0.60724 0.19531,-0.44041 -7.07077,-12.24696 0.90225,-0.35371 6.62845,11.48082 0.17375,-0.42303 0.62936,-0.72747 -6.23503,-10.79939 0.97496,-0.3822 5.98723,10.37021 0.36751,-1.55487 -5.32305,-9.21979 0.23939,-0.0939 0.42088,-1.12559 5.05904,8.76254 0.0995,-0.42102 0.52689,-0.60988 -7.57245,-13.11584 -0.58777,0.26983 -0.69316,0.20438 2.2071,3.82284 -1.42544,-0.0173 -1.99541,-3.45616 -1.11934,0.32219 1.97651,3.42341 -0.9162,0.67334 -2.17932,-3.77466 -0.76234,0.76235 2.09738,3.63278
m 272.6799,134.6686 7.32358,12.68481 0.83487,-0.93605 -7.07131,-12.24785 1.31583,-0.60408 6.76595,11.71897 0.19018,-0.45062 -0.0132,-1.51219 -5.90722,-10.23161 1.65987,0.16694 4.47778,7.75576 0.77822,-1.01491 -3.83686,-6.64561 1.33932,-0.1974 2.75088,4.76464 0.21473,-1.76165 -1.83038,-3.17031
m 263.49563,132.29597 2.82263,4.88896 0.49829,-0.50022 0.49704,-0.18234 -3.10264,-5.37394 0.80161,-1.45113 3.70684,6.4204 1.31218,-0.37766 -4.18875,-7.25515 0.90447,-1.32139 4.67731,8.10133 1.1966,-0.54929 -5.0406,-8.73059 0.95192,-1.34629 c 0,0 5.4556,9.44936 5.4556,9.44936 l 1.19803,-0.55 -5.8193,-10.07933 1.11509,-1.57705 6.53484,11.31868 1.73905,0.19763 -7.23609,-12.53327 1.57665,-0.30294 7.29457,12.63452 1.27748,-0.18829 -7.62269,-13.20289 0.92593,-0.738 8.74845,15.15275 0.1724,-2.15973 -7.5856,-13.13867 1.61949,-0.17666 3.27054,5.6647 -0.33123,-2.31761 0.74668,-0.39028 -1.84478,-3.19522 1.37353,-0.33076 1.67304,2.89781 1.13506,-0.59329 -1.51088,-2.61691 1.40097,-0.33737 1.33575,2.31355 0.50641,-0.27308 0.50133,-0.53953 -1.04685,-1.81318 1.23677,-0.29784 0.67892,1.17593 1.36425,-1.46824
m 272.6722,117.62587 1.28661,2.2285 1.15335,-0.82261 -1.52585,-2.64285 1.31027,-0.56085 1.75283,3.03601 1.48755,-0.16226 -1.9725,-3.41646 1.42917,-0.61175 2.19798,3.80698 1.49214,-0.35932 -2.3273,-4.031 1.34083,-0.57393 2.45454,4.2514 1.47725,-0.35574 -2.6229,-4.543 1.30027,-0.91296 2.92695,5.06962 1.36793,-0.3294 -3.23292,-5.59959 0.82354,-1.28891 3.76632,6.52345 1.39374,-0.93529 -4.59922,-7.9661 -0.008,-2.00869 5.36781,9.29734 0.99288,-1.84775 -6.06936,-10.51243 0.27906,-2.03064 6.3709,11.03474 0.31869,-0.93045 0.12761,-0.97499 -6.21821,-10.770271 0.6759,-1.797452 5.82642,10.091633 0.25733,-2.16032 0.14404,-0.34454 -5.30936,-9.196104 1.06224,-1.286097 5.00513,8.669111 0.26082,-2.45646 -4.24809,-7.357942 1.07963,-0.922113 3.40635,5.89996 0.12872,-0.474001 1.24148,-0.09658 -3.63823,-6.301608 0.34999,-0.298936 0.17512,-1.425943 4.56872,7.913256 0.55076,-0.04586 0.95586,-0.359061 -5.77009,-9.994103 0.0892,-0.361289 0.77531,-1.027292 3.01752,5.226523 0.57327,-1.91594 -2.63927,-4.571373 0.85357,-1.255366 2.33442,4.043333 0.5965,-1.93876 -2.49486,-4.32122 0.20899,-1.887988 2.66891,4.622705 0.17245,-2.32288 -2.43972,-4.225735 0.4721,-1.76182 2.13733,3.701989 0.13835,-2.616954 -2.14162,-3.709403 0.0372,-2.618531 1.9971,3.459065 -0.1169,-2.742891 -2.23139,-3.86485 -0.39899,-2.097482 1.66071,1.660723
m 297.67045,91.636706 2.65835,4.604401 1.53257,-0.575686 -2.56788,-4.447691 0.48516,-0.125238 1.02818,-0.464301 2.52505,4.373518 1.42896,-0.652347 -2.53886,-4.397443 1.57776,-0.586928 2.36204,4.091188 1.173,-1.100624 -2.08719,-3.615145 0.3302,-0.142446 0.65059,-0.78545 2.09005,3.620084 0.73837,-0.769239 0.40026,-0.843922 -2.24253,-3.884187 c 0,0 0.41524,-1.712203 0.41524,-1.712203 0,0 2.46041,4.261527 2.46041,4.261527 l 0.38598,-0.813829 0.16851,-1.620208 -3.59595,-6.228368 -1.74863,-4.544711 0.67508,0.290023 4.88016,8.452665 v -0.255204
M 305.99522,81.202751 303.33346,76.59245
m 302.861,78.661389 -1.33348,-2.309654
m 299.72119,76.007869 1.02423,1.774
m 302.38205,68.456804 4.6877,-6.112328 2.8293,-7.25951 1.38562,-6.56849 0.67614,-7.232692 h -33.61886 l -3.39711,-0.427858 -2.67338,-1.564174 -1.73172,-2.210414 -0.89263,-3.189039 -0.0156,-20.332373 0.48458,-2.770939 1.22624,-2.1797428 2.08968,-1.8384843 2.26745,-0.9252363 1.8246,-0.2102088 49.31137,9.261e-4 2.34784,0.3906102 2.27724,1.1875071 1.64698,1.675947 1.09643,2.1382048 0.38597,2.008015 -0.01,20.986489 -0.60523,2.473513 -1.20669,1.967404 -1.50839,1.386824 -1.97408,1.007179 -1.85491,0.393877 -5.81023,0.03197 -1.23592,5.970627 -2.16138,5.421879 -3.09943,5.024279 -4.77092,5.272 -4.09863,3.253729 z
M 275.0516,34.290113 V 10.589684 l 5.30532,0.02651 1.93701,0.631706 1.44873,1.894253 0.513,2.325109 0.0265,2.97597 -0.29321,1.811024 -0.60446,1.526565 -1.35224,1.428984 1.12496,1.291317 0.83592,2.345453 1.86204,7.443538 h -3.28594 l -1.74207,-6.9109 -0.40593,-1.05036 -0.52559,-0.705923 -0.65614,-0.285841 -1.10226,-0.01599 v 8.969016 z
m 278.13719,15.018632 v 6.079883 h 1.29834 l 0.83743,-0.181661 0.66442,-0.761798 0.30933,-2.0767 -0.19563,-1.817574 -0.57018,-0.933154 -0.94179,-0.306941 z
m 285.52653,10.589684 v 4.619441 h 3.97518 v 19.080988 h 3.08557 V 15.209125 h 3.96716 v -4.619441 z
m 298.14932,10.589684 v 23.700429 h 3.08557 V 24.241639 h 4.92893 v -4.61944 h -4.92893 v -4.413074 h 5.24148 v -4.619441 z
m 309.36157,10.589684 v 23.700429 h 2.92529 V 16.955305 l 2.75698,12.778866 h 1.95554 l 2.75698,-12.778866 v 17.334808 h 2.91727 V 10.589684 h -3.91909 l -2.74095,12.683619 -2.72491,-12.683619 z
m 326.48853,10.589684 v 9.096013 l 0.40873,6.635485 h 2.06774 l 0.40873,-6.635485 v -9.096013 z
m 326.48853,28.638838 v 5.651275 h 2.8852 v -5.651275 z
m 287.8646,125.76235 5.17819,1.28126 3.74626,1.53895 3.07988,1.79794 3.65099,3.24667 2.03403,3.01901 1.39433,4.09015 0.28959,2.80462 -0.19169,3.24553 -0.58738,2.97027 h -20.79236 l -1.98975,0.20797 -2.74552,1.39114 -1.7688,2.2221 -0.7103,2.48818 0.0634,19.29328 1.32101,3.07047 1.82729,1.67428 2.02621,0.86301 2.79299,0.2047 41.43711,-3e-5 2.31201,-0.39789 1.71595,-0.8943 1.25148,-1.14976 1.29683,-2.29644 0.35103,-1.89859 -0.0148,-18.38023 -0.54914,-2.21618 -1.05035,-1.70018 -1.33387,-1.22399 -1.61451,-0.84079 -2.11839,-0.41177 -9.79363,-0.005 -1.1248,-3.68903 -1.42536,-3.24035 -1.52194,-2.64609 -2.69486,-3.55281 -2.75489,-2.71495 -3.07573,-2.31918 -2.50663,-1.48556 -4.87456,-2.12212 -4.90807,-1.3671 z
m 284.46166,156.16801 v 18.54579 c 0,0 2.41448,0 2.41448,0 v -7.86302 h 3.85691 v -3.61475 h -3.85691 v -3.45327 h 4.10149 v -3.61475 z
m 290.64526,174.7138 3.46808,-18.54579 h 2.87856 l 3.46811,18.54579 h -2.42705 l -0.58952,-3.37874 h -3.77536 l -0.59579,3.37874 z
m 294.27014,167.89421 1.28563,-7.37856 1.27937,7.37856 z
m 309.77303,157.21144 -0.9792,-0.71804 -1.0559,-0.46078 -0.91665,-0.17907 -1.07693,0.0242 -1.22521,0.40655 -1.29699,1.10634 -0.97303,1.63842 -0.65902,2.0472 -0.39164,2.98916 -0.0225,2.26254 0.26223,2.74472 0.57121,2.2291 0.9866,1.95507 1.78801,1.52994 1.60631,0.28481 1.4002,-0.25475 1.33331,-0.67052 0.99402,-0.81135 v -8.9189 h -3.76283 v 3.20484 h 1.47376 v 3.60232 l -0.79195,0.34458 -0.88162,0.006 -0.88543,-0.40612 -0.95279,-1.37372 -0.3937,-1.31287 -0.23135,-1.83684 -0.008,-2.21911 0.25321,-2.02703 0.42272,-1.33442 0.91234,-1.27842 1.07992,-0.46731 1.17478,0.11552 1.075,0.54612 1.17091,1.07036 z
m 316.52104,159.29831 -0.89617,0.32957 -0.69588,0.99305 -0.46104,1.53055 -0.23831,2.0902 -0.0262,1.60999 0.0989,1.77691 0.24572,1.4981 0.38158,1.16046 0.39182,0.67319 0.62402,0.52313 0.68517,0.12085 0.76938,-0.30802 0.56973,-0.71006 0.44111,-1.11582 0.28543,-1.42253 0.14981,-2.29007 -0.0161,-1.25853 -0.11816,-1.51597 -0.327,-1.63604 -0.44096,-1.07261 -0.42301,-0.5581 -0.42013,-0.29281 z
m 316.52104,155.83262 -1.45987,0.31448 -1.08545,0.79403 -1.03799,1.54438 -0.72228,2.05419 -0.35912,2.04538 -0.14571,2.26556 0.0629,2.59129 0.30461,2.31109 0.56346,1.98369 0.81783,1.58968 1.18591,1.20044 0.8355,0.39515 1.05955,0.152 1.08641,-0.17222 1.43576,-0.92933 0.90474,-1.28112 0.63775,-1.53638 0.41754,-1.71046 0.26474,-2.27975 0.0493,-1.94275 -0.12677,-2.41655 -0.3466,-2.11371 -0.47953,-1.5649 -0.64701,-1.31304 -0.81516,-1.01944 -0.71866,-0.53441 -1.11199,-0.38416 z
m 322.04615,156.16801 v 3.61475 h 3.1106 v 14.93104 h 2.41448 v -14.93104 h 3.10435 v -3.61475 z
m 269.875,13.229167 v 21.166666 l 1.32291,1.322917 V 10.583333 l 1.32292,-1.3229164 V 38.364583 l 1.32292,1.322917 V 7.9374999 l 1.32291,-1.3229167 v 3.9687498
M 275.16666,34.395833 V 39.6875 l 1.32292,1.322916 v -6.614583
M 276.48958,10.583333 V 6.6145832 h 1.32292 v 3.9687498
M 277.8125,34.395833 V 39.6875 l 1.32291,1.322916 v -15.875
M 279.13541,10.583333 V 6.6145832 h 1.32292 v 3.9687498
M 280.45833,27.78125 V 39.6875 l 1.32292,1.322916 V 31.75
M 281.78125,10.583333 V 6.6145832 h 1.32291 V 11.90625
M 283.10416,34.395833 V 39.6875 l 1.32292,1.322916 v -6.614583
M 284.42708,26.458333 V 21.166666
M 284.42708,14.552083 V 6.6145832 H 285.75 v 3.9687498
M 285.75,15.875 V 33.072916
M 285.75,34.395833 V 39.6875 l 1.32291,1.322916 V 15.875
M 287.07291,10.583333 V 6.6145832 h 1.32292 v 3.9687498
m 288.39583,15.875 v 23.8125 l 1.32292,1.322916 v -6.614583
M 289.71875,10.583333 V 6.6145832 h 1.32291 v 3.9687498
M 291.04166,34.395833 V 39.6875 l 1.32292,1.322916 v -6.614583
M 292.36458,10.583333 V 6.6145832 h 1.32292 v 3.9687498
m 293.6875,15.875 v 23.8125 l 1.32291,1.322916 V 15.875
M 295.01041,10.583333 V 6.6145832 h 1.32292 v 3.9687498
m 296.33333,15.875 v 23.8125 l 1.32292,1.322916 V 6.6145832 h 1.32291 v 3.9687498
M 298.97916,34.395833 V 39.6875 l 1.32292,1.322916 v -6.614583
M 300.30208,10.583333 V 6.6145832 h 1.32292 v 3.9687498
M 301.625,25.135416 V 39.6875 l 1.32291,1.322916 v -15.875
M 302.94791,18.520833 V 15.875
M 302.94791,10.583333 V 6.6145832 h 1.32292 v 3.9687498
m 304.27083,15.875 v 2.645833
M 304.27083,25.135416 V 39.6875 l 1.32292,1.322916 v -15.875
M 305.59375,18.520833 V 15.875
M 305.59375,10.583333 V 6.6145832 h 1.32291 V 39.6875 l 1.32292,1.322916 V 6.6145832 h 1.32292 v 3.9687498
M 309.5625,34.395833 V 39.6875 l 1.32291,1.322916 v -6.614583
M 310.88541,10.583333 V 6.6145832 h 1.32292 v 3.9687498
m 312.20833,34.395833 v 26.458333 l 1.32292,-1.322917 V 23.8125
M 313.53125,10.583333 V 6.6145832 h 1.32291 V 17.197916
m 314.85416,30.427083 v 26.458333 l 1.32292,-1.322917 V 30.427083
M 316.17708,21.166666 V 6.6145832 H 317.5 v 7.9374998
m 317.5,30.427083 v 21.166666 l 1.32291,-1.322916 v -27.78125
M 318.82291,10.583333 V 6.6145832 h 1.32292 v 3.9687498
m 320.14583,34.395833 v 9.260416 l 1.32292,-1.322916 v -7.9375
M 321.46875,10.583333 V 6.6145832 h 1.32291 v 3.9687498
m 322.79166,34.395833 v 6.614583 L 324.11458,39.6875 V 6.6145832 h 1.32292 V 41.010416 l 1.32291,-1.322916 v -5.291667
M 326.76041,10.583333 V 6.6145832 h 1.32292 v 3.9687498
m 328.08333,34.395833 v 6.614583 l 1.32292,-1.322916 v -5.291667
M 329.40625,10.583333 V 6.6145832 l 1.32291,1.3229167 V 39.6875 l 1.32292,-1.322917 V 9.2604166 l 1.32292,1.3229164 v 23.8125 l 1.32291,-1.322917
m 309.5625,56.885416 v 5.291667 l 1.32291,-1.322917 v -9.260417
m 306.91666,63.499999 v 1.322917 l 1.32292,-1.322917 v -3.96875
m 304.27083,66.145832 1.32292,-1.322916
m 279.13541,154.78125 v 21.16666 l 1.32292,1.32292 v -25.13542 h 1.32292 v 26.45834 l 1.32291,1.32291 V 150.8125 h 1.32292 v 29.10416 l 1.32292,1.32292 V 174.625
m 285.75,156.10416 v -5.29166 h 1.32291 v 5.29166
m 287.07291,174.625 v 5.29166 l 1.32292,1.32292 V 166.6875
m 288.39583,162.71875 v -2.64584
m 288.39583,156.10416 v -5.29166 h 1.32292 v 5.29166
m 289.71875,160.07291 v 2.64584
m 289.71875,166.6875 v 13.22916 l 1.32291,1.32292 V 174.625
M 291.04166,169.33333 V 150.8125 h 1.32292 v 13.22916
m 292.36458,174.625 v 5.29166 l 1.32292,1.32292 v -9.26042
m 293.6875,156.10416 v -5.29166 h 1.32291 v 5.29166
m 295.01041,165.36458 v 2.64583
m 295.01041,171.97916 v 7.9375 l 1.32292,1.32292 v -9.26042
M 296.33333,168.01041 V 166.6875
m 296.33333,156.10416 v -5.29166 h 1.32292 v 7.9375
m 297.65625,173.30208 v 6.61458 l 1.32291,1.32292 V 174.625
M 298.97916,165.36458 V 150.8125 h 1.32292 v 22.48958
m 300.30208,174.625 v 5.29166 l 1.32292,1.32292 v -10.58333
m 301.625,160.07291 v -9.26041 h 1.32291 v 6.61458
m 302.94791,173.30208 v 6.61458 l 1.32292,1.32292 V 174.625
m 304.27083,156.10416 v -5.29166 h 1.32292 v 3.96875
m 305.59375,175.94791 v 3.96875 l 1.32291,1.32292 v -5.29167
m 306.91666,154.78125 v -3.96875 l 1.32292,-1.32292 v 6.61458
m 308.23958,174.625 v 5.29166 l 1.32292,1.32292 V 174.625
m 308.23958,160.07291 v 3.96875
m 306.91666,160.07291 v 3.96875
m 305.59375,160.07291 v 10.58334
m 304.27083,162.71875 v 5.29166
m 309.5625,164.04166 v -2.64583
M 309.5625,156.10416 V 134.9375 l 1.32291,1.32291 v 43.65625 l 1.32292,1.32292 v -9.26042
m 312.20833,158.75 v -19.84375 l 1.32292,1.32291 v 17.19792
m 313.53125,174.625 v 5.29166 l 1.32291,1.32292 V 174.625
M 314.85416,156.10416 V 142.875 l 1.32292,1.32291 v 10.58334
m 316.17708,160.07291 v 10.58334
m 314.85416,168.01041 v -5.29166
m 316.17708,175.94791 v 3.96875 l 1.32292,1.32292 v -5.29167
m 317.5,154.78125 v -5.29167 l 1.32291,1.32292 v 5.29166
m 317.5,161.39583 v 9.26042
m 318.82291,174.625 v 5.29166 l 1.32292,1.32292 v -7.9375
m 320.14583,157.42708 v -6.61458 l 1.32292,1.32291 v 10.58334
m 321.46875,168.01041 v 11.90625 l 1.32291,1.32292 v -21.16667
m 322.79166,156.10416 v -5.29166 l 1.32292,1.32291 v 3.96875
m 324.11458,160.07291 v 19.84375 l 1.32292,1.32292 v -5.29167
m 325.4375,156.10416 v -5.29166 l 1.32291,1.32291 v 3.96875
m 326.76041,175.94791 v 3.96875 l 1.32292,1.32292 v -21.16667
m 328.08333,156.10416 v -5.29166 l 1.32292,1.32291 v 3.96875
m 329.40625,160.07291 v 18.52084 l 1.32291,1.32291 v -19.84375
m 330.72916,156.10416 v -5.29166 l 1.32292,1.32291 v 26.45834 l 1.32292,-1.32292 v -21.16667 l 1.32291,1.32292
M 308.23958,148.16666 V 134.9375 l -1.32292,-1.32292 v 3.96875 l -1.32291,-1.5875 v -3.70417 l -1.32292,-1.32291 v 2.64583 l -1.32292,-1.32292 -1.32291,-1.32291 -1.32292,-1.32292
m 265.16099,40.140045 -1.1694,-2.599528 -3.53403,-3.444841 -5.38858,-2.2738 -3.13253,-0.07483 -3.68096,1.59007 -2.22984,2.279004 -3.33142,3.704249 -1.59738,2.479198 -12.53167,-0.605475 -4.21089,0.564261 -3.27167,1.065612 -1.96587,2.095458 -1.44463,2.15542 -2.29037,0.736563 -0.94629,0.717545 -0.59703,1.309081 -1.22526,-0.119517 -2.52728,0.626128 -2.07426,2.182932 -3.36318,6.216499 -7.51929,5.922682 -5.25055,3.633385 -3.00832,3.639926 -2.43416,4.868084 -0.97045,5.803837 -0.5544,6.590159 1.59394,4.886317 5.2768,3.895567 5.37157,3.326709 0.50878,2.01483 1.09289,0.87836 1.36913,0.14904 0.33336,0.96271 1.38966,0.97837 1.50605,0.0386 2.40903,1.31207 1.18512,0.38533 1.26609,-0.32263 2.29289,0.51961 2.45658,3.0315 -1.32541,4.73367 -0.37645,5.77406 0.96396,3.0898 -0.59459,3.78427 0.92802,2.21196 -0.0155,0.47093 -1.21765,2.35182 -0.31011,4.30909 1.56978,4.06706 0.65607,1.16409 1.23098,0.6161 1.30192,3.6823 3.22386,5.24035 -0.79443,1.82709 0.43794,3.13756 0.82344,1.30181 1.54192,0.65908 2.50323,-0.0298 2.48719,-1.16559 4.62007,2.28443 3.66697,0.72788 2.26626,2.2218 3.45936,1.71114 0.36587,2.51133 1.5121,3.07474 1.75809,1.48088 2.31123,0.4789 2.35167,-0.51943 2.82415,-2.75833 1.10091,-2.41814 1.93415,-1.91838 2.14692,-1.23783 0.21426,0.18532 0.20702,2.23105 1.17128,0.82407 1.01533,-0.29345 0.29685,0.9641 1.04449,0.81948 1.17076,0.0276 2.7577,-1.73018 1.29309,0.12461 -0.74374,3.36961 -1.15691,2.94934 -1.66318,2.85769 -1.85941,2.32192 -2.04326,1.93938 -3.27437,2.23792 -3.03023,1.3789 -3.65846,0.96766 -3.82188,0.30685 -216.766296,0 -3.946756,-0.16036 -4.048907,-0.90372 -3.85485,-1.71069 -3.500294,-2.49396 -2.2429215,-2.29001 -2.1787562,-3.11763 -1.5500982,-3.3567 -0.9131516,-3.41428 -0.3386336,-4.42316 0.00747,-138.398901 0.4457025,-3.83384 1.1467713,-3.728315 1.6973606,-3.274746 2.2615998,-2.9554 2.602391,-2.4077042 3.578538,-2.2596269 3.565292,-1.3927574 3.747095,-0.7270382 4.342174,-0.1125894 217.071693,0.020156 4.31724,0.6291524 4.15516,1.5271426 3.70782,2.3284061 3.35827,3.2878126 2.39643,3.63758 1.41722,3.43236 0.789,3.57935 0.18394,3.858803 0,13.436509 z
